 No. real individuals (genotyped or not)        1439

 No. genotyped individuals        1439

 No. virtual sires and dams


 No. initial generations           2

 No. loci       50441

 Max. No. alelles/loci           2

 No. allowed mismatches (parentage, FS(HS) families, age)
          10          10           0
 Calculations took    9619.39062      seconds

 Correlation between input and solution coancestry matrix
  -668.546570    

           1           0           0
           2           0           0
           3           0           0
           4           0           0
           5           0           0
           6           0           0
           7           0           0
           8           0           0
           9           0           0
          10           0           0
          11           0           0
          12           0           0
          13           0           0
          14           0           0
          15           0           0
          16           0           0
          17           0           0
          18           0           0
          19           0           0
          20           0           0
          21           0           0
          22           0           0
          23           0           0
          24           0           0
          25           0           0
          26           0           0
          27           0           0
          28           0           0
          29           0           0
          30           0           0
          31           0           0
          32           0           0
          33           0           0
          34           0           0
          35           0           0
          36           0           0
          37           0           0
          38           0           0
          39           0           0
          40           0           0
          41           0           0
          42           0           0
          43           0           0
          44           0           0
          45           0           0
          46           0           0
          47           0           0
          48           0           0
          49           0           0
          50           0           0
          51           0           0
          52           0           0
          53           0           0
          54           0           0
          55           0           0
          56           0           0
          57           0           0
          58           0           0
          59           0           0
          60           0           0
          61           0           0
          62           0           0
          63           0           0
          64           0           0
          65           0           0
          66           0           0
          67           0           0
          68           0           0
          69           0           0
          70           0           0
          71           0           0
          72           0           0
          73           0           0
          74           0           0
          75           0           0
          76           0           0
          77           0           0
          78           0           0
          79           0           0
          80           0           0
          81           0           0
          82           0           0
          83           0           0
          84           0           0
          85           0           0
          86           0           0
          87           0           0
          88           0           0
          89           0           0
          90           0           0
          91           0           0
          92           0           0
          93           0           0
          94           0           0
          95           0           0
          96           0           0
          97           0           0
          98           0           0
          99           0           0
         100           0           0
         101           0           0
         102           0           0
         103           0           0
         104           0           0
         105           0           0
         106           0           0
         107           0           0
         108           0           0
         109           0           0
         110           0           0
         111           0           0
         112           0           0
         113           0           0
         114           0           0
         115           0           0
         116           0           0
         117           0           0
         118           0           0
         119           0           0
         120           0           0
         121           0           0
         122           0           0
         123           0           0
         124           0           0
         125           0           0
         126           0           0
         127           0           0
         128           0           0
         129           0           0
         130           0           0
         131           0           0
         132           0           0
         133           0           0
         134           0           0
         135           0           0
         136           0           0
         137           0           0
         138           0           0
         139           0           0
         140           0           0
         141           0           0
         142           0           0
         143           0           0
         144           0           0
         145           0           0
         146           0           0
         147           0           0
         148           0           0
         149           0           0
         150           0           0
         151           0           0
         152           0           0
         153           0           0
         154           0           0
         155           0           0
         156           0           0
         157           0           0
         158           0           0
         159           0           0
         160           0           0
         161           0           0
         162           0           0
         163           0           0
         164           0           0
         165           0           0
         166           0           0
         167           0           0
         168           0           0
         169           0           0
         170           0           0
         171           0           0
         172           0           0
         173           0           0
         174           0           0
         175           0           0
         176           0           0
         177           0           0
         178           0           0
         179           0           0
         180           0           0
         181           0           0
         182           0           0
         183           0           0
         184           0           0
         185           0           0
         186           0           0
         187           0           0
         188           0           0
         189           0           0
         190           0           0
         191           0           0
         192           0           0
         193           0           0
         194           0           0
         195           0           0
         196           0           0
         197           0           0
         198           0           0
         199           0           0
         200           0           0
         201         100          32
         202           0         173
         203           0           0
         204         110         139
         205           0         144
         206          73          15
         207          26         189
         208           0         139
         209           0           0
         210          40          98
         211           0           0
         212           0         174
         213           0           0
         214           0           0
         215         101           4
         216          50         125
         217          85         166
         218           0           0
         219          23          12
         220          90         200
         221           0           6
         222          71         125
         223         109         151
         224           0           0
         225           0         200
         226          89           0
         227          80         138
         228          23         129
         229          86         126
         230          84         124
         231          49         137
         232          87         164
         233          71           0
         234          57          14
         235          43         164
         236          50          14
         237         106         138
         238         114         137
         239           0           0
         240           0         137
         241          51           6
         242           0           0
         243           0         199
         244           0         126
         245         113         197
         246          29         195
         247          38         192
         248           0           0
         249           0           0
         250          35         132
         251          68         180
         252          79          17
         253         120         149
         254        1384         135
         255          99           0
         256          49         158
         257          49         137
         258          78         185
         259          50         167
         260          21          94
         261           0           0
         262          41         167
         263          28         149
         264          22         164
         265          80         155
         266         113          32
         267           0           0
         268          24         199
         269           0         181
         270          73         181
         271           0         137
         272         112         151
         273          31         134
         274           0         167
         275          29          98
         276           0         190
         277          99         199
         278          80         152
         279          58         127
         280           0         200
         281           0         138
         282          22         172
         283         117         191
         284         102          18
         285           0           0
         286           0           0
         287          76         191
         288         118          18
         289           0         138
         290           0         131
         291         114          10
         292          61         142
         293          20           0
         294         109         187
         295         106           0
         296           0           0
         297           0           0
         298          84         177
         299          34           0
         300           0         151
         301         110         188
         302           0           0
         303         111           0
         304          79           0
         305           0          12
         306          49          97
         307         109         147
         308          46           0
         309           0         170
         310          27         170
         311         105         175
         312          25           0
         313          91         187
         314          77          18
         315           0          94
         316          64         154
         317           0         131
         318           0           0
         319          27         156
         320         123         142
         321          64         151
         322          29         135
         323          86         146
         324           0           0
         325           0           0
         326          37           0
         327          46         197
         328          24         152
         329           0           0
         330           0           6
         331          83         158
         332          54          94
         333          19         190
         334         116         164
         335          72          18
         336          24         164
         337           0         157
         338           0         170
         339          66          32
         340         110         138
         341           0           0
         342         105           0
         343           0         144
         344           0         198
         345          26         138
         346         103         125
         347         104           3
         348          91         179
         349          82         138
         350           0         142
         351           0         135
         352          99         136
         353           0         164
         354          61          14
         355           0           0
         356           0           0
         357           0           0
         358         122         192
         359         106         129
         360          77         177
         361           0         172
         362          30           0
         363          24         186
         364         117           5
         365          90          94
         366          89           7
         367           0          14
         368           0           0
         369           0         137
         370          83         167
         371         117          18
         372          69         157
         373           0          10
         374          37         199
         375          73         132
         376           0         153
         377          73           0
         378           0           0
         379         109         133
         380           0         173
         381          42         174
         382           0           7
         383           0          13
         384          23         175
         385           0           0
         386          85         132
         387          68         162
         388          47         164
         389          73           0
         390           0           6
         391          93         199
         392           0           0
         393           0         184
         394           0         169
         395           0           0
         396           0         181
         397          39           0
         398         105         173
         399           0           0
         400          99         144
         401           0           0
         402         104         149
         403         112           7
         404          89         178
         405           0         167
         406          37         144
         407           0           0
         408          84         189
         409         102         142
         410           0           0
         411          40         189
         412           0           0
         413          78          10
         414          43         135
         415         739         152
         416          61         166
         417           0         146
         418           0           0
         419          35         183
         420         121           0
         421           0         172
         422           0         172
         423          81         174
         424           0           3
         425           0           0
         426          47           0
         427         107          15
         428           0           0
         429         112         151
         430          75         148
         431          58         178
         432          43         170
         433           0         138
         434         121         127
         435           0         152
         436           0           0
         437           0         199
         438           0           0
         439           0         158
         440           0           0
         441          67         124
         442           0           0
         443          50         166
         444          59         149
         445          76         165
         446         106           0
         447          73         186
         448          90          32
         449           0         138
         450           0           0
         451          81          18
         452           0         149
         453         107           6
         454           0           0
         455           0          10
         456          66         173
         457           0           0
         458         123         153
         459          34           0
         460         121          12
         461           0           0
         462          52           0
         463           0           0
         464          21         200
         465           0           0
         466           0           0
         467         118         167
         468           0           0
         469           0           0
         470         116           0
         471          83         198
         472          56         124
         473         118         149
         474          67         172
         475          26          16
         476           0           3
         477          84         149
         478           0         173
         479          76         184
         480           0         149
         481          80          98
         482           0           0
         483           0          10
         484           0           0
         485           0           0
         486          21         147
         487         107         162
         488           0           0
         489         115           5
         490          47         128
         491           0           0
         492          52         174
         493           0           0
         494           0          17
         495          39          17
         496          42         167
         497           0           0
         498          80         154
         499          95         147
         500           0           0
         501         107         134
         502          67           0
         503           0           0
         504           0           0
         505          56         134
         506         114         178
         507           0         149
         508          61         181
         509         108          94
         510          26         198
         511           0           0
         512           0           0
         513          44         136
         514          37         170
         515          34         128
         516          71         173
         517          33         181
         518          65         134
         519          44         154
         520           0         137
         521           0         153
         522           0         194
         523          41         138
         524         108         198
         525          61         175
         526         101         155
         527          91          18
         528          92         144
         529          50         151
         530          83           0
         531           0         175
         532           0           0
         533          26         162
         534          95         138
         535         101         154
         536          66         152
         537          68           2
         538          34         159
         539          50         170
         540           0           0
         541           0           0
         542          36         137
         543           0          18
         544           0           0
         545          92         170
         546          69         171
         547          64         171
         548           0           0
         549           0           0
         550          40         149
         551           0           0
         552         100           2
         553          89         164
         554           0         164
         555           0         199
         556           0           0
         557         123         140
         558         100         161
         559          68         182
         560         100         159
         561         118           0
         562         102         142
         563         100         151
         564           0           0
         565           0           0
         566           0           0
         567          27           0
         568           0           0
         569          62           0
         570          93         197
         571         102           9
         572           0         152
         573          40         172
         574           0         168
         575           0           0
         576          81           0
         577          80          14
         578           0           0
         579         123         198
         580          65         176
         581          24          11
         582           0           0
         583           0           0
         584           0           0
         585           0         149
         586          21         127
         587           0          94
         588          20           0
         589           0         157
         590          38          16
         591           0           0
         592           0           0
         593          30         152
         594          54         164
         595          27         173
         596         102         195
         597           0           0
         598         582          13
         599          53         125
         600         116         137
         601          71           7
         602           0         142
         603          72         144
         604           0         145
         605          77         131
         606          23         136
         607          38           5
         608           0           0
         609          41         175
         610           0           0
         611          46           0
         612          93         166
         613          51         172
         614          64         138
         615         116          14
         616           0         178
         617         108         127
         618         121         176
         619          82         151
         620           0           0
         621         110         151
         622          21          18
         623           0           0
         624          57          18
         625           0           0
         626           0           0
         627          27           8
         628          35         129
         629           0         137
         630          99         138
         631          53          55
         632         122         142
         633          85          17
         634          29           0
         635         102           2
         636          57         200
         637           0         177
         638          48         131
         639          19         165
         640         115         164
         641           0         194
         642           0         151
         643          60         134
         644           0           0
         645           0         151
         646           0           0
         647          21         196
         648          27         152
         649           0           0
         650           0           0
         651          86          17
         652          95           0
         653           0          15
         654           0           0
         655          30           0
         656           0         181
         657           0           0
         658           0         170
         659           0           0
         660          31         149
         661         110         151
         662          92           9
         663          92         129
         664          48         177
         665           0         135
         666          44         196
         667           0         137
         668          65           0
         669           0         198
         670           0           0
         671          75         140
         672           0         155
         673          47         177
         674           0           0
         675           0         170
         676         110         143
         677           0         182
         678         109           8
         679           0         139
         680          20         177
         681          47         172
         682           0           0
         683          35         172
         684          68         130
         685           0          14
         686           0           0
         687          65         196
         688           0          18
         689           0           0
         690           0          98
         691           0         200
         692           0          18
         693          29         169
         694         107         149
         695         117          97
         696         119           0
         697          71         136
         698          66         156
         699           0           0
         700          41           5
         701           0           0
         702           0           0
         703           0           0
         704           0         142
         705          96           0
         706           0           0
         707          66         152
         708         123          17
         709           0         151
         710          48         141
         711         102         149
         712           0           0
         713         111         142
         714          82         131
         715          51         125
         716          85           1
         717         105          94
         718          47          14
         719          51           6
         720         117         147
         721          99           0
         722           0         192
         723          90          94
         724           0           0
         725          83           0
         726          69         194
         727         120           0
         728         116         142
         729         111           0
         730         111          10
         731           0           0
         732           0         142
         733           0         182
         734           0         165
         735          46         125
         736          38         172
         737           0         186
         738          87         135
         739          90         194
         740          21         137
         741           0           0
         742           0         126
         743         123         195
         744          53         131
         745          49         152
         746           0         181
         747           0           0
         748          68         191
         749         123         142
         750           0         131
         751          69         181
         752           0         139
         753          80          11
         754          25           1
         755           0           0
         756           0           0
         757           0           0
         758           0          94
         759          21           0
         760          47         192
         761           0         165
         762          93           0
         763           0           0
         764          57         129
         765          59         152
         766           0         189
         767           0         174
         768          64         149
         769           0           0
         770           0         173
         771           0         153
         772         113         138
         773         103          14
         774           0         190
         775          33         172
         776           0         135
         777           0           0
         778           0           0
         779         120         177
         780           0         152
         781           0         149
         782          56         199
         783           0           0
         784          59         160
         785          45         185
         786           0         195
         787          41         150
         788          35         154
         789           0         198
         790          34         200
         791          43         128
         792          60         175
         793          63         149
         794           0         157
         795          27         179
         796          70           0
         797          96         138
         798           0           0
         799         102         147
         800         112         140
         801          41         163
         802           0           0
         803          77          18
         804           0           0
         805           0          97
         806          84          11
         807           0           0
         808           0         137
         809          61          98
         810         101         135
         811          20         158
         812         108           4
         813           0         131
         814           0         155
         815          85         124
         816           0           0
         817           0         187
         818          77         188
         819           0           0
         820          77          32
         821           0         131
         822          48           5
         823           0         149
         824           0         166
         825         101           0
         826          41         174
         827          63          14
         828          78           0
         829          28         138
         830           0           0
         831          66           6
         832           0           0
         833          95         198
         834         902         199
         835           0           0
         836           0         138
         837           0         168
         838          43         129
         839         112         126
         840           0         144
         841          84         131
         842         119           0
         843          46           0
         844          88         138
         845          70         126
         846           0         138
         847          64         187
         848           0         137
         849          41         137
         850           0           0
         851           0           0
         852         111         153
         853          45          94
         854         113           0
         855           0           0
         856          88           0
         857          23          98
         858          30         179
         859           0           0
         860          74          14
         861           0           0
         862           0           0
         863          52         184
         864          92         127
         865          67         166
         866           0           0
         867           0         151
         868          29          98
         869          49         137
         870           0         172
         871           0         190
         872          64          18
         873          64          17
         874          73         141
         875           0           0
         876           0          55
         877          88         125
         878          21         191
         879           0           0
         880           0           0
         881          59         138
         882          67         172
         883          64         149
         884          45         174
         885          56           0
         886          88         166
         887           0           0
         888           0         196
         889           0          18
         890           0           0
         891          91          98
         892          81         132
         893          60         133
         894          70           0
         895         113         189
         896          27          97
         897           0           0
         898           0           0
         899          66         196
         900           0         145
         901          34           0
         902           0           0
         903           0           0
         904           0           5
         905         119         139
         906           0           0
         907          53           0
         908         105         172
         909        1172          94
         910          77         147
         911           0           0
         912          71         125
         913           0         132
         914           0         164
         915           0           0
         916          82          14
         917          69         142
         918          54          18
         919          20           0
         920          99         172
         921         115         198
         922          92         198
         923          84         139
         924         103         181
         925           0           0
         926          74         180
         927           0           0
         928           0           0
         929           0           0
         930          49         160
         931          52         141
         932          28          98
         933           0         125
         934          65         180
         935          92         152
         936          53         184
         937         103           0
         938          42         147
         939           0           0
         940          60         181
         941           0           0
         942           0           0
         943           0           0
         944           0           0
         945         109         139
         946          74           7
         947           0         164
         948         103         154
         949          78           0
         950          53         138
         951          51         135
         952           0         157
         953           0         181
         954           0           0
         955          21         127
         956           0         152
         957         123         138
         958           0         162
         959           0           7
         960          76         127
         961          82          98
         962           0           0
         963          47           5
         964         122         154
         965          65           9
         966          33         142
         967         111         160
         968           0           0
         969           0           0
         970           0           0
         971           0         129
         972          34         164
         973          62         166
         974          25           5
         975          30         132
         976           0           0
         977          48         150
         978          84         135
         979           0          94
         980           0         173
         981          20         181
         982         103           0
         983          82         152
         984           0           0
         985           0           0
         986         106           0
         987         104           0
         988           0           0
         989          62         177
         990           0         192
         991         114           0
         992          64         182
         993          80         193
         994          19           0
         995          77         199
         996         117           0
         997          52           1
         998          54         161
         999          80           6
        1000           0           0
        1001           0           0
        1002          92         126
        1003          56         172
        1004          81         167
        1005           0         150
        1006         109         172
        1007          93         185
        1008          68         161
        1009          56           0
        1010          91          11
        1011           0         199
        1012           0           0
        1013          44         186
        1014           0          12
        1015           0          98
        1016           0           0
        1017          93         158
        1018          82         195
        1019           0           0
        1020          58         132
        1021          20          32
        1022         115         170
        1023           0           0
        1024          71         169
        1025          92         125
        1026          76         128
        1027           0           0
        1028           0           0
        1029          62         177
        1030          40           0
        1031           0         139
        1032          33          17
        1033          87         150
        1034           0           0
        1035          50          18
        1036          74         125
        1037           0           0
        1038           0         126
        1039          80         142
        1040           0           0
        1041         121           0
        1042         103         158
        1043          39         138
        1044           0           0
        1045          25         177
        1046          50         164
        1047         110         177
        1048           0         160
        1049          86           0
        1050           0         169
        1051           0         189
        1052          33           0
        1053          65         134
        1054          96           3
        1055          63         143
        1056          48         200
        1057           0         152
        1058           0         161
        1059         107         133
        1060           0           0
        1061           0           0
        1062          36         170
        1063           0         138
        1064           0           0
        1065          47         149
        1066         104         137
        1067          45           5
        1068           0         199
        1069           0           0
        1070           0         149
        1071          93           0
        1072          33         127
        1073          57          17
        1074         118           0
        1075           0         175
        1076           0         163
        1077           0           0
        1078           0         137
        1079           0           0
        1080           0           0
        1081           0         192
        1082         122         135
        1083         114         138
        1084          34         127
        1085          62         148
        1086           0           0
        1087          48           5
        1088           0         158
        1089          99         151
        1090           0         180
        1091          81          97
        1092           0         177
        1093         116         131
        1094         122           0
        1095          88         129
        1096         116         193
        1097          52         126
        1098           0           0
        1099         104         140
        1100           0           0
        1101           0           0
        1102          31         192
        1103          96         145
        1104           0         183
        1105          36         125
        1106           0           0
        1107           0         125
        1108          64         195
        1109          68         148
        1110           0           0
        1111          65         188
        1112          76         127
        1113           0         139
        1114           0           0
        1115          36         185
        1116         107          94
        1117           0         153
        1118          96         129
        1119           0           5
        1120           0           0
        1121           0         138
        1122          25          13
        1123           0           0
        1124          58         152
        1125         103         147
        1126           0           0
        1127           0         139
        1128          25          98
        1129           0           0
        1130           0           0
        1131         118           0
        1132           0          12
        1133           0           0
        1134          74           0
        1135          19         166
        1136          77          12
        1137          58          15
        1138          53         197
        1139          20           4
        1140          78           0
        1141           0           8
        1142          77         130
        1143           0         132
        1144           0           0
        1145          87         200
        1146          70         200
        1147          45         164
        1148           0         143
        1149           0          13
        1150          45         187
        1151          33         138
        1152           0         137
        1153          81         137
        1154          75           0
        1155          34           0
        1156           0          98
        1157         101          98
        1158           0         144
        1159           0           0
        1160          31         149
        1161           0           0
        1162           0           5
        1163          27         147
        1164         113          18
        1165         107         141
        1166          29         177
        1167           0           0
        1168          33         138
        1169          79         146
        1170           0           0
        1171         101         139
        1172           0         167
        1173         115         187
        1174           0           0
        1175           0           0
        1176          24         169
        1177          24         164
        1178          70           0
        1179         121           0
        1180           0         143
        1181           0           0
        1182          28           0
        1183         120         169
        1184          62          98
        1185          72         153
        1186           0           0
        1187          20         137
        1188          59         128
        1189           0           0
        1190          78         157
        1191           0         194
        1192          75         154
        1193           0         153
        1194          48         172
        1195           0           0
        1196          93         186
        1197          63         167
        1198          19           0
        1199           0           0
        1200           0           0
        1201          54          16
        1202           0           0
        1203         104          11
        1204           0          18
        1205          65           0
        1206           0           0
        1207         108         166
        1208          81         173
        1209          88         155
        1210           0           0
        1211           0         174
        1212          66           0
        1213           0           0
        1214          30         146
        1215           0         174
        1216          24         177
        1217          20          98
        1218           0         149
        1219          91          10
        1220         100         135
        1221           0           0
        1222           0           0
        1223          22         168
        1224          40         199
        1225           0         142
        1226           0         134
        1227           0           0
        1228          91         140
        1229         113         135
        1230           0           0
        1231           0           0
        1232          48         125
        1233           0         179
        1234         120         135
        1235          71          16
        1236           0           0
        1237          61         135
        1238           0          13
        1239           0         180
        1240          23          18
        1241          27         170
        1242          44         194
        1243          89         152
        1244           0         178
        1245         106           1
        1246          81         135
        1247         123         138
        1248          43         166
        1249          95         166
        1250          27         132
        1251           0           0
        1252           0         174
        1253           0         200
        1254           0           0
        1255           0           0
        1256          38         178
        1257           0           0
        1258          47         186
        1259           0           0
        1260           0           0
        1261           0         125
        1262          29           0
        1263           0         194
        1264          62         199
        1265           0         139
        1266         104         159
        1267          87          15
        1268           0           0
        1269          25         138
        1270           0         188
        1271         114          15
        1272           0           0
        1273           0         184
        1274           0         192
        1275           0           0
        1276           0           5
        1277           0           0
        1278          27         145
        1279          79         190
        1280         110         155
        1281          39          98
        1282         117         161
        1283         114         172
        1284          49         152
        1285           0           0
        1286         111         172
        1287           0           0
        1288          75         142
        1289           0         124
        1290         123         138
        1291           0           0
        1292           0           0
        1293         100         145
        1294           0           0
        1295         106         141
        1296          59         180
        1297          74         162
        1298          95         139
        1299           0         132
        1300          44           0
        1301          71           8
        1302          61         136
        1303           0         127
        1304          33           9
        1305          76          18
        1306          90           0
        1307         106          97
        1308          83         194
        1309           0           0
        1310          44         158
        1311           0           0
        1312           0           0
        1313          39         172
        1314           0           0
        1315           0           0
        1316          42         178
        1317          84         199
        1318          57         137
        1319           0           0
        1320          38         168
        1321           0           0
        1322           0           0
        1323           0           0
        1324          57         138
        1325          36         185
        1326          47         177
        1327           0          97
        1328          88          97
        1329           0           0
        1330          54         190
        1331           0           0
        1332          48          13
        1333          75         138
        1334          37         182
        1335          76         138
        1336           0         169
        1337           0           0
        1338           0         159
        1339          52         155
        1340           0         164
        1341           0         163
        1342           0           0
        1343           0           0
        1344          56         138
        1345           0           0
        1346          62         174
        1347         106          97
        1348           0         167
        1349          20           0
        1350          75         173
        1351          87         171
        1352           0           0
        1353           0           0
        1354           0           0
        1355         102           0
        1356          28         191
        1357           0           0
        1358          60           0
        1359          39         186
        1360           0           0
        1361          64         152
        1362          42         181
        1363           0           0
        1364           0           7
        1365           0           0
        1366          27         157
        1367          69         188
        1368          99           0
        1369          27         139
        1370         122         137
        1371          31         164
        1372           0           0
        1373          84         138
        1374           0         151
        1375          78         126
        1376           0           0
        1377          69         125
        1378        1147         143
        1379           0         153
        1380           0         162
        1381          35           0
        1382         104          16
        1383          95         157
        1384           0         142
        1385           0           0
        1386           0           0
        1387          20         145
        1388           0           0
        1389          71         194
        1390          45         152
        1391           0         190
        1392         107           0
        1393           0           0
        1394          89           4
        1395           0           0
        1396          42          16
        1397           0         198
        1398          90         196
        1399          19          94
        1400           0           0
        1401          99          17
        1402           0           0
        1403           0         190
        1404           0         183
        1405          81         180
        1406           0           0
        1407           0         194
        1408          49         188
        1409          60         146
        1410           0           0
        1411           0           0
        1412           0          18
        1413           0           0
        1414          38         162
        1415         104           0
        1416          28         131
        1417         113           7
        1418           0         155
        1419           0         192
        1420          59         177
        1421          95           8
        1422         108         192
        1423           0         190
        1424           0         199
        1425           0         194
        1426           0         138
        1427           0           0
        1428          51         135
        1429          31          16
        1430           0         192
        1431           0         164
        1432          73         152
        1433           0           0
        1434           0           0
        1435          87         178
        1436           0           0
        1437          52          98
        1438         110         139
        1439          85          97
