1	0	0
2	0	0
3	0	0
4	0	0
5	0	0
6	0	0
7	0	0
8	0	0
9	0	0
10	0	0
11	0	0
12	0	0
13	0	0
14	0	0
15	0	0
16	0	0
17	0	0
18	0	0
19	0	0
20	0	0
21	0	0
22	0	0
23	0	0
24	0	0
25	0	0
26	0	0
27	0	0
28	0	0
29	0	0
30	0	0
31	0	0
32	0	0
33	0	0
34	0	0
35	0	0
36	0	0
37	0	0
38	0	0
39	0	0
40	0	0
41	0	0
42	0	0
43	0	0
44	0	0
45	0	0
46	0	0
47	0	0
48	0	0
49	0	0
50	0	0
51	0	0
52	0	0
53	0	0
54	0	0
55	0	0
56	0	0
57	0	0
58	0	0
59	0	0
60	0	0
61	0	0
62	0	0
63	0	0
64	0	0
65	0	0
66	0	0
67	0	0
68	0	0
69	0	0
70	0	0
71	0	0
72	0	0
73	0	0
74	0	0
75	0	0
76	0	0
77	0	0
78	0	0
79	0	0
80	0	0
81	0	0
82	0	0
83	0	0
84	0	0
85	0	0
86	0	0
87	0	0
88	0	0
89	0	0
90	0	0
91	0	0
92	0	0
93	0	0
94	0	0
95	0	0
96	0	0
97	0	0
98	0	0
99	0	0
100	0	0
101	0	0
102	0	0
103	0	0
104	0	0
105	0	0
106	0	0
107	0	0
108	0	0
109	0	0
110	0	0
111	0	0
112	0	0
113	0	0
114	0	0
115	0	0
116	0	0
117	0	0
118	0	0
119	0	0
120	0	0
121	0	0
122	0	0
123	0	0
124	0	0
125	0	0
126	0	0
127	0	0
128	0	0
129	0	0
130	0	0
131	0	0
132	0	0
133	0	0
134	0	0
135	0	0
136	0	0
137	0	0
138	0	0
139	0	0
140	0	0
141	0	0
142	0	0
143	0	0
144	0	0
145	0	0
146	0	0
147	0	0
148	0	0
149	0	0
150	0	0
151	0	0
152	0	0
153	0	0
154	0	0
155	0	0
156	0	0
157	0	0
158	0	0
159	0	0
160	0	0
161	0	0
162	0	0
163	0	0
164	0	0
165	0	0
166	0	0
167	0	0
168	0	0
169	0	0
170	0	0
171	0	0
172	0	0
173	0	0
174	0	0
175	0	0
176	0	0
177	0	0
178	0	0
179	0	0
180	0	0
181	0	0
182	0	0
183	0	0
184	0	0
185	0	0
186	0	0
187	0	0
188	0	0
189	0	0
190	0	0
191	0	0
192	0	0
193	0	0
194	0	0
195	0	0
196	0	0
197	0	0
198	0	0
199	0	0
200	0	0
201	29	32
202	122	173
203	39	146
204	100	139
205	0	144
206	39	132
207	29	32
208	85	139
209	0	134
210	47	98
211	40	133
212	81	194
213	93	7
214	38	161
215	116	7
216	52	98
217	0	166
218	118	134
219	81	12
220	48	158
221	114	6
222	71	125
223	109	151
224	0	176
225	21	200
226	89	198
227	70	138
228	23	0
229	89	94
230	84	182
231	117	137
232	68	164
233	71	159
234	57	14
235	25	164
236	73	14
237	121	138
238	0	137
239	85	3
240	78	137
241	0	6
242	71	147
243	95	199
244	36	126
245	113	197
246	29	177
247	77	192
248	89	94
249	69	152
250	0	132
251	0	180
252	71	135
253	66	149
254	27	142
255	103	138
256	49	158
257	21	137
258	0	137
259	99	138
260	0	94
261	61	11
262	81	167
263	31	149
264	77	0
265	63	132
266	0	135
267	90	94
268	68	199
269	110	137
270	110	137
271	21	137
272	0	151
273	90	134
274	81	167
275	29	98
276	56	190
277	91	138
278	106	18
279	0	144
280	0	200
281	0	138
282	23	172
283	0	137
284	110	174
285	0	164
286	0	200
287	76	199
288	61	152
289	34	138
290	43	131
291	122	10
292	0	142
293	59	126
294	43	131
295	80	11
296	103	13
297	0	137
298	63	15
299	28	138
300	86	151
301	110	139
302	83	158
303	0	142
304	123	9
305	0	12
306	79	198
307	109	131
308	46	0
309	0	170
310	61	170
311	105	139
312	34	138
313	76	187
314	108	18
315	89	94
316	21	144
317	23	0
318	76	199
319	27	135
320	120	142
321	28	151
322	0	135
323	86	138
324	0	149
325	0	13
326	0	174
327	46	131
328	24	152
329	23	129
330	107	6
331	83	8
332	33	137
333	68	190
334	116	164
335	30	152
336	54	164
337	71	157
338	0	170
339	100	137
340	82	151
341	42	11
342	0	142
343	43	151
344	70	198
345	0	138
346	47	125
347	104	11
348	49	152
349	34	138
350	61	142
351	100	135
352	99	174
353	76	164
354	42	14
355	123	159
356	80	142
357	121	132
358	0	192
359	80	11
360	29	177
361	56	172
362	104	149
363	114	186
364	93	5
365	107	94
366	86	7
367	27	14
368	122	125
369	38	137
370	81	167
371	92	152
372	56	153
373	101	10
374	95	199
375	0	132
376	0	153
377	38	2
378	24	164
379	109	182
380	123	159
381	81	194
382	118	7
383	103	13
384	60	158
385	0	8
386	45	132
387	104	149
388	0	164
389	37	177
390	44	6
391	22	199
392	57	135
393	0	184
394	45	11
395	51	157
396	71	181
397	56	138
398	19	158
399	91	160
400	103	9
401	100	135
402	30	149
403	47	151
404	77	178
405	81	167
406	31	144
407	75	126
408	47	32
409	102	137
410	115	134
411	47	32
412	80	152
413	101	10
414	71	135
415	87	152
416	93	166
417	0	146
418	68	175
419	35	183
420	121	153
421	58	172
422	119	172
423	81	15
424	85	3
425	87	164
426	20	12
427	43	132
428	85	200
429	0	151
430	19	55
431	35	132
432	43	129
433	25	138
434	0	138
435	81	152
436	79	94
437	116	199
438	89	150
439	60	158
440	0	181
441	67	166
442	104	149
443	93	166
444	0	149
445	0	180
446	106	126
447	85	160
448	77	178
449	39	138
450	20	13
451	0	152
452	0	149
453	0	6
454	78	200
455	0	10
456	19	158
457	0	155
458	121	153
459	92	0
460	21	164
461	54	132
462	52	139
463	85	139
464	48	200
465	22	180
466	84	7
467	81	167
468	85	139
469	45	11
470	81	164
471	0	198
472	0	165
473	19	149
474	88	172
475	0	139
476	117	3
477	69	149
478	0	173
479	76	184
480	31	149
481	81	98
482	49	133
483	0	10
484	82	97
485	0	155
486	21	160
487	107	162
488	71	197
489	47	177
490	0	186
491	48	0
492	52	174
493	0	145
494	71	147
495	99	137
496	81	167
497	108	97
498	64	152
499	27	135
500	51	139
501	19	134
502	67	172
503	0	14
504	0	132
505	31	134
506	68	178
507	30	149
508	0	181
509	90	94
510	29	125
511	0	174
512	104	149
513	34	131
514	31	142
515	34	0
516	0	194
517	73	181
518	19	134
519	0	197
520	110	137
521	121	153
522	0	194
523	0	137
524	89	198
525	0	145
526	56	155
527	104	152
528	63	144
529	114	151
530	83	8
531	78	139
532	0	6
533	44	162
534	95	138
535	71	143
536	63	152
537	87	7
538	99	160
539	64	170
540	0	181
541	111	162
542	112	137
543	103	18
544	64	11
545	61	170
546	69	149
547	64	170
548	22	180
549	0	162
550	29	167
551	53	187
552	59	142
553	54	132
554	95	164
555	76	199
556	35	190
557	121	190
558	96	133
559	68	0
560	100	159
561	115	16
562	61	142
563	0	151
564	89	187
565	95	192
566	53	9
567	109	147
568	69	0
569	62	177
570	37	180
571	102	139
572	80	152
573	50	172
574	31	147
575	28	165
576	81	32
577	71	14
578	41	139
579	84	198
580	76	164
581	0	164
582	46	151
583	107	94
584	111	198
585	19	149
586	71	143
587	107	94
588	0	13
589	45	157
590	37	14
591	46	131
592	28	165
593	68	164
594	0	0
595	19	55
596	110	160
597	72	9
598	46	138
599	41	125
600	78	137
601	117	7
602	25	142
603	31	144
604	113	145
605	46	131
606	57	138
607	0	5
608	61	170
609	39	190
610	62	98
611	99	138
612	88	166
613	0	172
614	71	135
615	71	14
616	100	178
617	57	135
618	121	172
619	86	151
620	122	11
621	34	151
622	71	144
623	35	1
624	21	174
625	35	146
626	0	129
627	0	8
628	0	129
629	0	137
630	27	135
631	58	131
632	69	142
633	85	139
634	29	177
635	31	188
636	88	166
637	62	177
638	23	131
639	43	165
640	0	164
641	20	194
642	109	151
643	58	134
644	0	184
645	91	151
646	56	178
647	22	196
648	19	152
649	72	13
650	81	167
651	0	132
652	0	164
653	26	15
654	0	8
655	43	165
656	47	181
657	50	181
658	31	170
659	117	200
660	29	149
661	91	151
662	50	174
663	46	129
664	84	5
665	113	135
666	77	190
667	21	137
668	65	198
669	114	198
670	66	142
671	115	134
672	34	155
673	47	12
674	89	198
675	64	170
676	100	151
677	28	182
678	60	8
679	78	139
680	29	177
681	36	172
682	65	94
683	0	172
684	87	7
685	0	14
686	0	12
687	0	198
688	0	18
689	117	139
690	25	98
691	78	200
692	80	18
693	107	10
694	0	149
695	20	13
696	119	172
697	44	94
698	96	156
699	39	153
700	47	15
701	0	164
702	0	162
703	56	165
704	69	142
705	57	145
706	27	159
707	0	152
708	0	135
709	0	151
710	0	7
711	59	149
712	38	166
713	0	142
714	28	131
715	81	125
716	85	139
717	79	94
718	27	14
719	0	149
720	71	147
721	99	137
722	0	192
723	90	94
724	100	0
725	0	55
726	31	194
727	0	181
728	0	137
729	102	139
730	111	10
731	0	194
732	0	142
733	49	182
734	109	165
735	81	125
736	70	198
737	101	186
738	73	135
739	48	158
740	21	137
741	40	133
742	66	126
743	99	5
744	0	131
745	0	152
746	71	181
747	24	180
748	0	178
749	31	142
750	91	131
751	71	181
752	33	139
753	80	11
754	110	137
755	88	0
756	101	139
757	0	170
758	79	94
759	21	200
760	42	167
761	86	165
762	93	172
763	89	150
764	45	129
765	119	152
766	47	189
767	105	174
768	0	149
769	58	158
770	81	173
771	53	153
772	80	138
773	113	14
774	0	190
775	0	172
776	0	135
777	109	138
778	81	167
779	120	177
780	66	152
781	31	149
782	67	172
783	117	139
784	0	144
785	95	7
786	64	195
787	34	190
788	0	153
789	114	198
790	85	200
791	31	152
792	0	158
793	31	149
794	119	153
795	31	152
796	0	170
797	0	138
798	36	190
799	59	142
800	63	175
801	41	194
802	0	196
803	25	152
804	42	181
805	103	97
806	40	11
807	38	159
808	112	137
809	20	98
810	64	149
811	27	159
812	0	174
813	113	131
814	23	155
815	91	151
816	104	11
817	65	187
818	54	132
819	30	126
820	0	8
821	43	131
822	88	5
823	19	149
824	88	166
825	101	186
826	81	98
827	57	0
828	0	137
829	28	138
830	0	139
831	29	194
832	0	0
833	88	166
834	0	199
835	88	190
836	34	138
837	54	183
838	43	129
839	93	126
840	69	144
841	28	131
842	81	32
843	47	98
844	0	138
845	106	126
846	25	138
847	81	152
848	105	137
849	0	137
850	75	194
851	0	178
852	0	153
853	107	198
854	82	131
855	0	94
856	76	187
857	47	98
858	79	198
859	30	14
860	123	14
861	73	181
862	78	174
863	25	142
864	73	135
865	67	166
866	86	151
867	46	151
868	47	98
869	0	137
870	119	172
871	53	190
872	0	152
873	110	181
874	59	142
875	120	127
876	19	158
877	81	152
878	71	143
879	0	32
880	0	174
881	0	138
882	0	172
883	40	149
884	81	98
885	35	183
886	88	166
887	47	15
888	0	196
889	72	18
890	72	156
891	74	98
892	50	32
893	85	147
894	60	94
895	47	32
896	72	97
897	59	142
898	83	8
899	111	198
900	71	145
901	34	138
902	26	181
903	90	198
904	119	5
905	74	139
906	103	18
907	0	131
908	22	131
909	0	94
910	109	138
911	28	182
912	108	98
913	93	132
914	0	164
915	68	191
916	0	14
917	48	142
918	25	152
919	20	126
920	121	172
921	0	198
922	107	198
923	33	139
924	71	181
925	0	192
926	0	15
927	0	172
928	0	170
929	0	151
930	99	146
931	103	18
932	0	98
933	81	125
934	22	180
935	0	152
936	23	181
937	44	10
938	33	139
939	99	135
940	71	143
941	41	98
942	76	184
943	54	153
944	73	143
945	91	139
946	21	144
947	118	164
948	21	139
949	78	200
950	103	138
951	123	135
952	93	157
953	57	181
954	42	129
955	48	13
956	0	152
957	80	138
958	89	162
959	95	7
960	104	142
961	47	98
962	116	178
963	47	167
964	0	142
965	105	177
966	104	142
967	102	139
968	0	126
969	75	167
970	103	13
971	115	134
972	77	164
973	93	166
974	0	5
975	0	125
976	106	156
977	0	190
978	121	172
979	107	94
980	0	158
981	20	13
982	121	138
983	67	152
984	83	134
985	0	167
986	106	9
987	104	11
988	120	15
989	0	177
990	95	192
991	53	129
992	110	137
993	80	142
994	19	16
995	67	199
996	101	198
997	56	139
998	115	134
999	89	6
1000	0	181
1001	73	143
1002	103	126
1003	35	172
1004	81	15
1005	27	159
1006	91	155
1007	26	180
1008	75	161
1009	0	153
1010	0	152
1011	95	199
1012	0	162
1013	21	137
1014	29	12
1015	81	98
1016	0	135
1017	60	158
1018	64	152
1019	72	13
1020	39	132
1021	29	32
1022	64	170
1023	99	180
1024	90	10
1025	92	16
1026	56	199
1027	36	153
1028	70	188
1029	47	177
1030	0	5
1031	110	139
1032	71	157
1033	52	200
1034	112	178
1035	81	152
1036	61	170
1037	86	180
1038	48	126
1039	31	142
1040	68	192
1041	45	135
1042	112	139
1043	34	138
1044	67	1
1045	82	32
1046	0	164
1047	47	177
1048	0	160
1049	0	126
1050	66	11
1051	0	189
1052	105	137
1053	26	11
1054	0	167
1055	53	16
1056	0	200
1057	64	152
1058	75	161
1059	0	10
1060	72	126
1061	20	156
1062	0	170
1063	0	135
1064	123	181
1065	64	149
1066	78	137
1067	47	32
1068	70	199
1069	46	138
1070	31	149
1071	93	172
1072	99	137
1073	57	135
1074	88	190
1075	0	175
1076	103	163
1077	102	139
1078	99	137
1079	33	192
1080	123	145
1081	0	192
1082	121	142
1083	25	138
1084	82	138
1085	23	0
1086	106	97
1087	0	151
1088	66	158
1089	46	151
1090	0	180
1091	81	194
1092	120	177
1093	53	131
1094	123	142
1095	115	134
1096	84	192
1097	52	200
1098	78	200
1099	85	137
1100	57	14
1101	61	11
1102	33	137
1103	78	139
1104	0	183
1105	88	155
1106	44	10
1107	41	125
1108	64	149
1109	69	149
1110	0	164
1111	60	134
1112	57	135
1113	105	139
1114	0	0
1115	0	131
1116	105	94
1117	77	153
1118	46	129
1119	88	5
1120	81	152
1121	0	138
1122	46	138
1123	27	142
1124	87	152
1125	95	192
1126	0	94
1127	118	139
1128	20	98
1129	111	6
1130	0	94
1131	31	142
1132	20	12
1133	39	153
1134	26	158
1135	0	8
1136	29	12
1137	0	132
1138	0	129
1139	20	97
1140	78	196
1141	0	8
1142	48	9
1143	35	132
1144	33	137
1145	21	200
1146	33	200
1147	112	164
1148	66	144
1149	38	13
1150	0	137
1151	71	11
1152	0	137
1153	52	137
1154	0	182
1155	23	0
1156	0	98
1157	47	98
1158	44	144
1159	117	139
1160	31	149
1161	65	94
1162	88	5
1163	31	11
1164	20	18
1165	107	162
1166	120	177
1167	121	172
1168	123	135
1169	78	3
1170	44	162
1171	110	139
1172	75	167
1173	76	199
1174	0	145
1175	22	184
1176	77	164
1177	0	164
1178	0	6
1179	0	132
1180	0	10
1181	61	142
1182	28	155
1183	88	190
1184	62	98
1185	47	167
1186	0	164
1187	52	0
1188	43	165
1189	76	199
1190	100	135
1191	115	158
1192	105	137
1193	41	153
1194	39	172
1195	84	7
1196	110	137
1197	0	167
1198	0	8
1199	34	151
1200	120	167
1201	44	94
1202	0	6
1203	104	11
1204	103	18
1205	65	6
1206	0	11
1207	0	166
1208	81	173
1209	0	155
1210	19	158
1211	74	174
1212	120	142
1213	0	131
1214	0	152
1215	0	174
1216	47	177
1217	0	98
1218	31	149
1219	104	11
1220	27	135
1221	118	178
1222	0	158
1223	0	162
1224	93	172
1225	108	142
1226	83	134
1227	116	7
1228	22	164
1229	113	135
1230	44	198
1231	64	177
1232	81	125
1233	25	149
1234	123	135
1235	99	3
1236	109	0
1237	71	135
1238	0	13
1239	77	180
1240	66	152
1241	31	170
1242	66	194
1243	119	152
1244	35	132
1245	0	126
1246	95	191
1247	21	138
1248	71	157
1249	93	166
1250	36	132
1251	103	139
1252	24	174
1253	33	200
1254	78	137
1255	0	135
1256	35	132
1257	65	94
1258	71	181
1259	116	7
1260	92	0
1261	0	125
1262	106	194
1263	41	194
1264	116	199
1265	110	139
1266	104	11
1267	0	132
1268	101	6
1269	39	138
1270	104	188
1271	96	132
1272	0	164
1273	0	184
1274	0	192
1275	85	160
1276	0	5
1277	51	162
1278	27	145
1279	107	162
1280	34	155
1281	62	98
1282	117	94
1283	123	172
1284	31	152
1285	119	15
1286	0	172
1287	0	164
1288	99	142
1289	35	132
1290	25	142
1291	66	144
1292	60	158
1293	27	145
1294	92	155
1295	106	126
1296	118	180
1297	56	162
1298	112	139
1299	111	132
1300	44	162
1301	62	167
1302	123	197
1303	108	143
1304	105	139
1305	0	152
1306	90	186
1307	0	97
1308	72	4
1309	102	200
1310	64	152
1311	0	137
1312	58	162
1313	87	172
1314	0	192
1315	54	152
1316	87	178
1317	23	172
1318	78	137
1319	104	195
1320	0	167
1321	66	149
1322	109	131
1323	51	132
1324	82	138
1325	95	199
1326	47	177
1327	42	97
1328	0	97
1329	37	98
1330	35	190
1331	111	162
1332	72	13
1333	0	18
1334	109	182
1335	121	138
1336	0	11
1337	29	167
1338	27	159
1339	117	160
1340	53	164
1341	103	163
1342	65	94
1343	0	155
1344	91	138
1345	0	13
1346	81	0
1347	29	97
1348	120	167
1349	0	98
1350	54	190
1351	120	98
1352	0	132
1353	78	3
1354	92	177
1355	118	164
1356	63	196
1357	87	164
1358	103	9
1359	99	174
1360	52	139
1361	64	152
1362	45	181
1363	0	3
1364	0	7
1365	71	157
1366	0	157
1367	0	188
1368	100	135
1369	102	139
1370	90	137
1371	76	164
1372	102	139
1373	113	135
1374	0	151
1375	106	126
1376	122	98
1377	52	166
1378	95	164
1379	41	125
1380	25	162
1381	35	153
1382	0	170
1383	40	157
1384	31	142
1385	104	142
1386	83	158
1387	57	145
1388	0	142
1389	75	194
1390	80	152
1391	111	190
1392	75	134
1393	36	153
1394	35	5
1395	75	10
1396	108	13
1397	79	198
1398	52	196
1399	107	94
1400	0	3
1401	57	135
1402	0	181
1403	119	190
1404	21	137
1405	84	180
1406	24	132
1407	96	0
1408	0	158
1409	99	153
1410	0	125
1411	70	162
1412	108	18
1413	105	139
1414	90	162
1415	0	11
1416	63	131
1417	46	189
1418	109	155
1419	95	192
1420	47	32
1421	0	175
1422	95	192
1423	88	190
1424	68	199
1425	49	158
1426	0	138
1427	0	163
1428	123	135
1429	29	32
1430	0	192
1431	116	164
1432	69	152
1433	87	184
1434	21	3
1435	35	5
1436	65	167
1437	62	98
1438	110	139
1439	103	97
