         174           0           0
         162           0           0
           6           0           0
         195           0           0
         181           0           0
         167           0           0
         176           0           0
         130           0           0
           9           0           0
         153           0           0
         150           0           0
          12           0           0
         147           0           0
         133           0           0
         178           0           0
         185           0           0
         157           0           0
         156           0           0
          92           0           0
         564           0           0
        1231           0           0
         330           0           6
         376           0         153
          74           0           0
        1406           0           0
         418           0           0
         106           0           0
        1363           0           0
          14           0           0
          83           0           0
         107           0           0
          49           0           0
          65           0           0
         769           0           0
        1343           0           0
         807           0           0
         261           0           0
          25           0           0
        1001           0           0
          41           0           0
         644           0           0
         186           0           0
          93           0           0
          62           0           0
          86           0           0
          64           0           0
          77           0           0
         110           0           0
         410           0           0
          19           0           0
         521           0         153
          46           0           0
          80           0           0
          72           0           0
         407           0           0
          35           0           0
        1174           0           0
        1388           0           0
         670           0           0
          59           0           0
         551           0           0
        1133           0           0
          28           0           0
        1230           0           0
          68           0           0
         706           0           0
          75           0           0
          36           0           0
          94           0           0
         212           0         174
        1311           0           0
         192           0           0
        1430           0         192
         179           0           0
          47           0           0
          56           0           0
         101           0           0
         976           0           0
         120           0           0
         928           0           0
         116           0           0
        1287           0           0
         425           0           0
         511           0           0
          26           0           0
         105           0           0
          91           0           0
          61           0           0
         591           0           0
          96           0           0
          44           0           0
         170           0           0
         309           0         170
         126           0           0
        1038           0         126
         191           0           0
         160           0           0
         159           0           0
          11           0           0
         141           0           0
         149           0           0
         585           0         149
         507           0         149
         140           0           0
         166           0           0
          97           0           0
           1           0           0
         155           0           0
         164           0           0
         194           0           0
        1425           0         194
         190           0           0
        1423           0         190
         173           0           0
         478           0         173
         171           0           0
         172           0           0
         361           0         172
          15           0           0
         144           0           0
         127           0           0
           2           0           0
         129           0           0
         183           0           0
         125           0           0
        1261           0         125
           5           0           0
        1119           0           5
         199           0           0
        1424           0         199
         175           0           0
        1075           0         175
         143           0           0
         205           0         144
        1180           0         143
          18           0           0
           3           0           0
         135           0           0
         665           0         135
         146           0           0
         168           0           0
         197           0           0
           8           0           0
         189           0           0
        1329           0           0
         131           0           0
         290           0         131
        1202           0           0
         154           0           0
           7           0           0
          55           0           0
          16           0           0
         188           0           0
         158           0           0
         138           0           0
        1121           0         138
         128           0           0
           4           0           0
         137           0           0
         848           0         137
         520           0         137
         142           0           0
        1225           0         142
         161           0           0
         200           0           0
         177           0           0
         182           0           0
         163           0           0
         148           0           0
         193           0           0
          10           0           0
         373           0          10
         196           0           0
         165           0           0
          32           0           0
          13           0           0
         187           0           0
         139           0           0
         198           0           0
         344           0         198
         789           0         198
          17           0           0
         136           0           0
         145           0           0
         900           0         145
         134           0           0
         180           0           0
         169           0           0
         151           0           0
         132           0           0
         124           0           0
          98           0           0
         152           0           0
        1361          64         152
         184           0           0
         393           0         184
         438           0           0
         734           0         165
         898           0           0
        1218           0         149
        1186           0           0
         699           0           0
         243           0         199
         659           0           0
          29           0           0
         368           0           0
         504           0           0
        1385           0           0
        1238           0          13
        1098           0           0
        1275           0           0
         289           0         138
         862           0           0
         433           0         138
         380           0         173
          60           0           0
        1315           0           0
          52           0           0
         491           0           0
        1101           0           0
         281           0         138
         317           0         131
         500           0           0
         817           0         187
        1436           0           0
         953           0         181
        1365           0           0
        1014           0          12
        1407           0         194
         532           0           0
         985           0           0
         239           0           0
         890           0           0
         968           0           0
         480           0         149
         115           0           0
         276           0         190
          51           0           0
          78           0           0
         390           0           6
         668           0           0
         776           0         135
         439           0         158
         211           0           0
         980           0         173
         338           0         170
        1127           0         139
          54           0           0
          89           0           0
        1393           0           0
        1000           0           0
         690           0          98
         297           0           0
        1126           0           0
         436           0           0
        1211           0         174
         947           0         164
        1314           0           0
        1418           0         155
         783           0           0
        1204           0          18
          38           0           0
        1023           0           0
         100           0           0
        1411           0           0
         455           0          10
         816           0           0
         677           0         182
         351           0         135
        1210           0           0
         367           0          14
         495           0           0
         109           0           0
         667           0         137
         592           0           0
        1161           0           0
         786           0         195
         324           0           0
         780           0         152
         756           0           0
         610           0           0
         969           0           0
         209           0           0
        1413           0           0
        1352           0           0
         395           0           0
         851           0           0
         497           0           0
        1426           0         138
        1312           0           0
        1374           0         151
        1354           0           0
        1199           0           0
         255           0           0
         466           0           0
         111           0           0
        1400           0           0
         709           0         151
         913           0         132
        1254           0           0
        1255           0           0
        1081           0         192
         108           0           0
        1016           0           0
        1402           0           0
         452           0         149
         503           0           0
        1117           0         153
         396           0         181
        1200           0           0
         937           0           0
         543           0          18
         616           0         178
          22           0           0
         242           0           0
         240           0         137
        1257           0           0
        1113           0         139
         650           0           0
        1403           0         190
         904           0           5
         774           0         190
         442           0           0
          43           0           0
         702           0           0
        1191           0         194
         645           0         151
        1239           0         180
         798           0           0
         421           0         172
         830           0           0
          99           0           0
        1372           0           0
         417           0         146
         933           0         125
         318           0           0
        1077           0           0
        1236           0           0
         692           0          18
        1222           0           0
          42           0           0
        1252           0         174
        1172           0         167
         767           0         174
         837           0         168
        1386           0           0
         225           0         200
        1079           0           0
         566           0           0
         859           0           0
         970           0           0
         880           0           0
         541           0           0
        1114           0           0
         337           0         157
          79           0           0
        1152           0         137
         269           0         181
        1285           0           0
         846           0         138
        1340           0         164
         117           0           0
        1419           0         192
         484           0           0
         962           0           0
         941           0           0
         355           0           0
         813           0         131
         512           0           0
         123           0           0
        1028           0           0
         838          43         129
         679           0         139
         392           0           0
         902           0           0
          67           0           0
        1076           0         163
        1044           0           0
         341           0           0
        1226           0         134
         437           0         199
          34           0           0
         626           0           0
          53           0           0
          81           0           0
         757           0           0
        1294           0           0
        1181           0           0
        1149           0          13
         814           0         155
         766           0         189
         465           0           0
         587           0          94
         927           0           0
        1015           0          98
        1244           0         178
         724           0           0
         944           0           0
        1034           0           0
        1221           0           0
         729         111           0
         755           0           0
         112           0           0
         871           0         190
        1427           0           0
        1156           0          98
         701           0           0
         629           0         137
        1292           0           0
         642           0         151
         654           0           0
        1031           0         139
        1193           0         153
         887           0           0
        1251           0           0
         548           0           0
          87           0           0
        1307         106          97
        1069           0           0
        1027           0           0
         675           0         170
          30           0           0
        1364           0           7
        1327           0          97
         104           0           0
         832           0           0
        1323           0           0
        1090           0         180
        1107           0         125
        1162           0           5
         494           0          17
        1265           0         139
         861           0           0
        1253           0         200
        1037           0           0
         580           0           0
        1348           0         167
        1175           0           0
         688           0          18
        1360           0           0
         582           0           0
          23           0           0
         879           0           0
         777           0           0
         669           0         198
        1070           0         149
         356           0           0
         350           0         142
         382           0           7
        1336           0         169
        1061           0           0
        1345           0           0
        1331           0           0
         483           0          10
          31           0           0
          82           0           0
        1260           0           0
         286           0           0
        1100           0           0
         315           0          94
        1206           0           0
         440           0           0
         781           0         149
        1088           0         158
         770           0         173
         875           0           0
        1274           0         192
         771           0         153
          85           0           0
         750           0         131
        1395           0           0
         119           0           0
         696         119           0
         405           0         167
         870           0         172
         103           0           0
         485           0           0
         544           0           0
         302           0           0
         575           0           0
        1434           0           0
          71           0           0
        1303           0         127
         731           0           0
        1338           0         159
        1410           0           0
        1063           0         138
          95           0           0
         652          95           0
         733           0         182
        1050           0         169
        1268           0           0
         208           0         139
         121           0           0
         984           0           0
        1213           0           0
         357           0           0
        1299           0         132
         203           0           0
        1019           0           0
        1397           0         198
        1148           0         143
         625           0           0
        1159           0           0
         778           0           0
         996         117           0
        1272           0           0
         602           0         142
        1120           0           0
         271           0         137
        1040           0           0
         866           0           0
         462          52           0
        1011           0         199
        1319           0           0
         835           0           0
        1376           0           0
        1379           0         153
         653           0          15
         267           0           0
         554           0         164
          69           0           0
        1391           0         190
         794           0         157
        1263           0         194
        1123           0           0
         565           0           0
        1182          28           0
         329           0           0
        1167           0           0
         637           0         177
         378           0           0
        1080           0           0
        1144           0           0
         280           0         200
         221           0           6
        1291           0           0
         929           0           0
         988           0           0
          37           0           0
         305           0          12
          50           0           0
          90           0           0
         723          90          94
        1009          56           0
         819           0           0
          39           0           0
        1060           0           0
        1086           0           0
        1215           0         174
          20           0           0
         588          20           0
        1349          20           0
        1412           0          18
         476           0           3
         383           0          13
        1078           0         137
         422           0         172
         589           0         157
         502          67           0
        1051           0         189
         461           0           0
        1337           0           0
        1184          62          98
         325           0           0
         114           0           0
         889           0          18
         218           0           0
         385           0           0
        1057           0         152
         761           0         165
         746           0         181
         244           0         126
        1342           0           0
         954           0           0
          70           0           0
        1158           0         144
         959           0           7
         435           0         152
         578           0           0
         704           0         142
         840           0         144
         597           0           0
         685           0          14
         942           0           0
         522           0         194
         549           0           0
        1012           0           0
        1357           0           0
        1048           0         160
         874           0           0
         469           0           0
          73           0           0
         285           0           0
         424           0           3
         888           0         196
          57           0           0
         369           0         137
         906           0           0
          40           0           0
         987         104           0
          45           0           0
        1143           0         132
         747           0           0
         867           0         151
         488           0           0
         122           0           0
         249           0           0
          76           0           0
         914           0         164
         102           0           0
         712           0           0
         727         120           0
        1273           0         184
         836           0         138
        1170           0           0
        1195           0           0
         722           0         192
         620           0           0
         555           0         199
        1068           0         199
        1351           0           0
        1384           0         142
         903           0           0
         674           0           0
         855           0           0
         808           0         137
         911           0           0
          84           0           0
         448          90          32
        1433           0           0
         824           0         166
        1277           0           0
         656           0         181
         556           0           0
        1141           0           8
         450           0           0
         296           0           0
         691           0         200
         608           0           0
          21           0           0
         979           0          94
        1058           0         161
         457           0           0
         737           0         186
         802           0           0
         399           0           0
         850           0           0
         897           0           0
        1270           0         188
         759          21           0
         447           0           0
         742           0         126
        1417           0           0
         658           0         170
        1092           0         177
         113           0           0
         854         113           0
          33           0           0
         482           0           0
         412           0           0
         763           0           0
        1106           0           0
         401           0           0
         686           0           0
        1341           0         163
         689           0           0
        1276           0           5
         952           0         157
         758           0          94
         353           0         164
         394           0         169
         917          69         142
         958           0         162
          58           0           0
        1259           0           0
         453         107           6
         682           0           0
          63           0           0
         214           0           0
         572           0         152
         623           0           0
        1129           0           0
          88           0           0
        1130           0           0
          48           0           0
          27           0           0
         118           0           0
         584           0           0
         915           0           0
         752           0         139
         274           0         167
          24           0           0
          66           0           0
        1212          66           0
         939           0           0
         224           0           0
         943           0           0
         454           0           0
        1309           0           0
        1289           0         124
        1431           0         164
        1227           0           0
         213           0           0
        1321           0           0
         362           0           0
         990           0         192
        1104           0         183
         925           0           0
         646           0           0
         805           0          97
         531           0         175
         248           0           0
         672           0         155
         732           0         142
        1189           0           0
         741           0           0
         463           0           0
         300           0         151
         634          29           0
        1381          35           0
         697          23         136
         530          83           0
         720         117         147
         460         121          12
        1266         104         159
         613          51         172
         856          88           0
         371         117          18
         443          50         166
         336          24         164
         278          80         152
         266         113          32
        1064          87         171
         974          25           5
        1097          52         126
         934          65         180
         459          34           0
         596         102         195
        1153          81         137
         955          21         127
         825         101           0
        1124          58         152
         499          95         147
         253         120         149
         895         113         189
         537          68           2
         949          78           0
        1330          54         190
         680          20         177
         360          77         177
         910          77         147
         779         120         177
        1021          20         162
        1169          79         146
         375          73         132
         264          22         164
         801          41         163
         619          82         151
        1380           0         162
        1192          75         154
         936          53         184
         377          73           0
        1398          90         196
         632         122         142
         872          64          18
        1282         117         161
         301         110         188
         431          58         178
        1160          31         149
         595          27         173
         655          30           0
         331          83         158
         426          47           0
        1116         107          94
         901          34           0
        1168          33         138
         829          28         138
         636          57         179
        1155          34           0
         319          27         156
        1229         113         135
         204         110         139
         885          56           0
        1401          99          17
        1056          48         200
         458         123         153
        1353          46           0
        1356          28         191
        1350          75         173
        1207         108         166
        1373          84         138
         223         109         151
        1383          95         157
        1228          91         140
        1137          58          15
        1188          59         128
        1095          88         129
         332          54          94
         233          71           0
         287          76         191
         526         101         155
         496          42         167
         231          49         137
         743         123         195
        1297          74         162
         868          29          98
         533          26         162
        1082         122         135
         640         115         164
         384          23         175
         612          93         166
        1409          60         146
        1039          80         142
         627          27           8
        1108          64         195
         945         109         139
         441          67         124
         907          53           0
         489         115           5
        1006         109         172
         628          35         129
         611          46           0
         811          20         158
         972          43         164
         312          25           0
         857          23          98
        1047         110         177
        1099         104          11
         643          60         134
        1237          61         135
         977          48         150
         487         107         162
         423          81         174
         726          69         194
         334         116         164
        1105          36         125
        1250          27         132
         842         119           0
         607          38           5
         320         123         142
         539          50         170
        1302          61         136
         553          89         164
         468           0           0
         621         110         151
        1197          63         167
         711         102         149
         464          21         200
         931          52         141
         505          56         134
         823           0         149
         241          51           6
         965          65           9
        1062          36         170
         263          28         149
         513          44         136
         822          48           5
         966          33         142
         279          58         127
         370          83         167
        1308          83         194
         210          40          98
         515          34         128
         314          77          18
         525          61         175
        1103          96         145
         617         108         127
         581          24          11
         983          82         152
         427         107          15
         552         100           2
        1007          93         185
         321          64         151
         905         119         139
         967         111         160
         282          22         172
         398         105         173
        1242          44         194
         347         104           3
         354          61          14
         714          82         131
        1201          54          16
         918          54          18
         863          52         184
         810         101         135
        1317          84         199
        1203         104          11
         472          56         124
         681          47         172
        1102          31         192
         609          41         175
         886          88         166
        1166          29         177
         853          45          94
         275          29          98
        1324          57         138
         869          49         137
        1377          69         125
         536          66         152
         873          64          17
        1187          20         137
         514          37         170
         894          70           0
         561         118           0
        1110           0           0
         323          86         146
         922          92         198
        1256          38         178
        1301          71           8
        1154          33           0
        1179         121           0
         534          95         138
         535         101         154
         519          44         154
         270          73         181
        1306          90           0
         403         112         188
        1421          95           8
         695         117          97
         705          96           0
         451          81          18
        1132           0          12
         567          27           0
         292          61         142
        1022         115         170
         751          69         181
         603          72         144
        1264          62         199
         284         102          18
         346         103         125
        1355         102           0
         527          91          18
         402         104         149
         446         106           0
         372          69         157
         550          40         149
        1328          88          97
        1020          58         132
         416          61         166
         563         100         151
         366          89           7
         827          63          14
         288         118          18
        1085          62         129
         467         118         167
         226          89           0
        1438         110         139
         657         103           0
         219          23          12
         216          50         125
         960          76         127
        1296          59         180
         964         122         154
        1093         116         131
        1138          53         143
        1223          22         168
         352          99         136
        1234         120         135
         229          87         150
         227          80         138
        1196          93         186
         839         112         126
         821           0         131
         631          53          55
        1003          56         172
        1405          81         180
        1428          51         135
         510          26         198
         445          76         165
        1390          45         152
         998          54         161
         725          83           0
         618         121         176
         651          86          17
         638          48         131
         884          45         174
         647          21         196
         251          68         180
        1290         105         138
         843           0           0
         508          61         181
         930          49         127
         404          89         178
         791          43         128
         260          21          94
         228          23         129
        1089          99         151
        1295         106         141
         828          78           0
        1030          36         185
         449           0         138
         788          35         154
         374          37         199
         633          85          17
         745          49         152
         994          19           0
         523          41         138
         736          38         172
        1432          73         152
         600         116         137
         666          44         196
         250          35         132
         201         100          32
         764          57         129
         876           0          55
         773         103          14
        1214          30         146
         614          64         138
        1224          40         199
         339          66          32
         956           0         152
        1054          96           3
         529          50         151
        1248          43         166
         232          87         164
         432          43         170
         558         100         161
        1279          79         190
         938          42         128
         765          59         152
        1065          47         149
         753          80          11
         772         113         138
        1217          20          98
         542          36         137
         259          50           8
         517          33         181
        1367          69         188
         932          28          98
         474          67         172
        1415         104           0
        1286         111         172
         975          30         132
         803          77          18
        1094         122           0
        1208          81         173
        1375          78         126
         982         103           0
         528          92         144
        1283         114         172
         748          68         191
        1258          47         186
         660          31         149
         306          49          97
         993          80         193
        1335          76         138
        1043          39         138
         951          51         135
        1396          42          16
         307         109         147
        1164         113          18
         986         106           0
         538          34         159
        1346          62         174
         262          41         167
         444          59         149
         547          64         171
         787          41         150
         878          21         191
         978          84         135
         313          91         187
        1008          68         161
         865          67         166
         790          34         200
        1240          23          18
         694         107         149
        1408          49         188
         524         108         198
         568          99           0
         601          71           7
         322          29         135
        1190          78         157
         400          99         144
         593          30         152
        1033          86         126
        1243          89         152
         678         109           8
        1112          76         127
         470         116           0
         919          20           0
        1219          91          10
        1024          71         169
         599          53         125
         639          19         165
         971           0         129
         217         113         166
         845          70         126
         268          24         199
         961          82          98
         785          45         185
        1096         116         193
        1084          34         127
        1370         122         137
         784          59         160
         713         111         142
         707          66         152
        1194          33         172
         316          64         154
         540          73         186
         333          19         190
         475          26          16
        1135          19         166
        1042         103         158
        1087          48           5
         740          21         137
        1334          37         182
        1281          39          98
        1083         114         138
         730         111          10
         420         121           0
         703          65         176
        1004          81         167
        1071          93           0
         717         105          94
        1262          29           0
         311         105         175
        1404           0         183
        1416          28         131
         847          64         187
        1035          50          18
         797          96         138
        1178          70           0
         304          79           0
        1320          38         168
        1298          95         139
        1304          33           9
         744          53         131
        1171         101         139
         546          69         171
        1066         104         137
         245         113         197
         989          62         177
         387          68         162
         471          83         198
        1055          63         190
        1233           0         179
        1216          24         177
        1025          92         125
         303         111           0
        1310          44         158
         935          92         152
         841          84         131
        1382         104          16
        1157         101          98
         899          66         142
        1205          65           0
        1139          20           4
         950          53         138
        1439          85          97
         700          41           5
         708         123          17
         590          38          16
         363          24         186
        1125         103         183
         921         115         198
         615         116          14
         671          75         140
         796          70           0
         252          79          17
        1387          20         145
         673          47         177
         254        1384         135
         795          27         179
         327          46         197
         698          66         156
        1332          48          13
        1249          95         166
         272         112         151
         509         108          94
        1437          52          98
         749         123         142
         379         109         133
         940          60         181
        1267          87          15
        1036          74         125
        1018          82         195
        1245         106           1
        1010          91         182
         258          78         185
         291         114          10
        1358          60           0
        1316          42         178
         820          77          32
         430          75         148
         622          21          18
         664          48         177
         298          84         177
         560         100         159
        1183         120          12
         995          77         199
        1280         110         155
        1235          71          16
        1032          33          17
         716          85           1
        1165         107         141
         762          93           0
        1318          57         137
         604           0         145
        1392         107           0
        1339          52         155
         411          40         189
         775          33         172
        1176          24         169
        1389          71         194
        1414          38         162
         768          64         149
         391          93         199
         806          84          11
         877          88         125
         999          80           6
         236          50          14
         815          85         124
         343           0         144
         397          39           0
         912          71         125
        1241          27         170
        1362          42         181
         641           0         194
         812         108           4
         294         109         193
         557         123         140
         586          21         127
         308          46           0
         342         105           0
         388          47         164
        1074         118           0
         576          81           0
        1045          25         177
        1013          44         186
        1177          24         164
         630          99         138
        1347         106          97
         948         103         154
        1325          36         185
         573          40         172
         735          46         125
         738          87         135
         782          56         199
         624          57          18
         283         117         191
         792          60         175
         997          52           1
         882          67         172
         719          51           6
         831          66           6
         662          92           9
         365          90          94
         721          99           0
         207          26         189
         409         102         142
         265          80         155
         429         112         151
         793          63         149
         916          82          14
         456          66         173
         257          49         137
         295         106           0
        1134          74           0
        1247         123         138
         222          71         125
        1136          77          12
        1091          81          97
        1073          57          17
         389          73           0
         246          29         195
        1122          25          13
         237         106         138
        1185          72         153
         349          82         138
         574           0         160
         804           0           0
         754          25         160
         908         105         172
         799         102         147
         419          35         183
         635         102           2
         299          34           0
         486          39         186
         238         114         137
        1142          77         161
        1173         115         187
        1163          27         147
        1284          49         152
        1072          33         127
         406          37         144
         892          81         132
         490          47         128
         718          47          14
        1029          62         177
         479          76         184
         883          64         149
         833          95         198
         648          27         152
         852         111         153
         414          43         135
        1300          44           0
         328          24         152
        1288          75         142
        1147          45         164
         206          73          15
         358         122         192
         844          88         138
         434         121         127
         577          80          14
        1333          75         138
         957         123         138
        1145          87         200
        1128          25          98
         710          48         141
         860          74          14
         345          26         138
        1026          76         128
        1429          31          16
         834        1329         199
         348          91         179
         559          68         182
        1209          88         155
         818          77         188
        1394          89           4
         583         113           7
         649          39          17
         273          31         134
         326          37           0
        1369          27         139
         571         102           9
         277          99         199
        1422         108         192
         230          84         124
         293          20           0
         413          78          10
        1368          99           0
         760          47         192
         235          34         164
        1111          65         188
         247          38         192
        1371          31         164
         473         118         149
         220          90         200
         335          72          18
        1220         100         135
         570          93         197
         687          65         196
        1131         118           0
         728         116         142
         992          64         182
         920          99         172
         569          62           0
        1344          56         138
         981          20         181
         492          52         174
         340         110         138
         606          71         136
        1109          68         148
        1246          81         135
         923          84         139
        1118          96         129
        1017          93         158
         359         106         129
        1067          45           5
        1313          39         172
        1005           0         150
        1053          65         134
         545          92         170
         506         114         178
         683          35         172
         605          77         131
         849          41         137
        1049          30           0
         826          41         174
         493          73         141
         481          80          98
         518          65         134
         693          29         169
         809          61          98
         963          47           5
        1146          70         200
        1399          19          94
         909        1172          94
         676         110          13
         386          85         132
         800         112         199
         684          68         130
        1326          47         177
         477          84         149
         428           0           0
         501         107         134
        1435          87         178
         896          27          97
        1269          25         138
         202           0         173
         991         114           0
        1420          59         177
        1278          27         145
        1046          50         164
         579         123         198
         310          27         170
         973          62         166
        1305          76          18
         661         110         151
         893          60         133
         256          49         158
         715          51         125
        1052          75           0
        1322          86           0
         364         117           5
         408          84         189
         881          59         138
        1002          92         126
        1115          40           0
         858          30         133
         215         101           4
         891          91          98
        1151          33         138
         663          92         129
        1150          45         187
        1378        1147         143
         562         102         142
        1293         100         145
         946          74         154
         924         103         181
         516          71         173
         234          57          14
        1041         121           0
         598         582          13
         926          74         180
        1198          19           0
        1059         107         133
        1140          78           0
         594          54         164
        1271         114          15
        1232          48         125
         864          92         127
        1359          21         140
         498          80         154
         739          90         194
         415         739         152
         381          42         174
        1366          27         157
