 No. real individuals (genotyped or not)          20

 No. genotyped individuals          20

 No. virtual sires and dams


 No. initial generations           3

 No. loci          30

 Max. No. alelles/loci          10

 No. allowed mismatches (parentage, FS(HS) families, age)
           3           3           0
 Calculations took    17.7031250      seconds

 Correlation between input and solution coancestry matrix
  0.924292207    
 0.50000 0.00000 0.00000 0.00000 0.00000 0.00000 0.00000 0.00000 0.00000 0.00000 0.00000 0.00000 0.00000 0.00000 0.00000 0.00000 0.00000 0.00000 0.00000 0.00000
 0.00000 0.50000 0.00000 0.00000 0.00000 0.00000 0.00000 0.00000 0.00000 0.00000 0.00000 0.00000 0.00000 0.00000 0.00000 0.00000 0.00000 0.00000 0.00000 0.00000
 0.00000 0.00000 0.50000 0.00000 0.25000 0.25000 0.25000 0.37500 0.25000 0.25000 0.25000 0.37500 0.25000 0.25000 0.31250 0.12500 0.25000 0.25000 0.18750 0.31250
 0.00000 0.00000 0.00000 0.50000 0.25000 0.25000 0.25000 0.12500 0.25000 0.25000 0.25000 0.12500 0.25000 0.25000 0.18750 0.12500 0.25000 0.25000 0.18750 0.18750
 0.00000 0.00000 0.25000 0.25000 0.50000 0.25000 0.25000 0.37500 0.37500 0.37500 0.37500 0.37500 0.37500 0.37500 0.43750 0.18750 0.37500 0.37500 0.28125 0.37500
 0.00000 0.00000 0.25000 0.25000 0.25000 0.50000 0.25000 0.25000 0.37500 0.37500 0.37500 0.25000 0.37500 0.37500 0.25000 0.18750 0.37500 0.37500 0.28125 0.31250
 0.00000 0.00000 0.25000 0.25000 0.25000 0.25000 0.50000 0.25000 0.25000 0.25000 0.25000 0.25000 0.25000 0.25000 0.25000 0.12500 0.25000 0.25000 0.18750 0.25000
 0.00000 0.00000 0.37500 0.12500 0.37500 0.25000 0.25000 0.62500 0.31250 0.31250 0.31250 0.37500 0.31250 0.31250 0.37500 0.15625 0.31250 0.31250 0.23438 0.34375
 0.00000 0.00000 0.25000 0.25000 0.37500 0.37500 0.25000 0.31250 0.62500 0.37500 0.37500 0.31250 0.37500 0.37500 0.34375 0.18750 0.37500 0.37500 0.28125 0.34375
 0.00000 0.00000 0.25000 0.25000 0.37500 0.37500 0.25000 0.31250 0.37500 0.62500 0.37500 0.31250 0.50000 0.50000 0.34375 0.25000 0.50000 0.50000 0.37500 0.40625
 0.00000 0.00000 0.25000 0.25000 0.37500 0.37500 0.25000 0.31250 0.37500 0.37500 0.62500 0.31250 0.50000 0.50000 0.34375 0.25000 0.50000 0.50000 0.37500 0.40625
 0.00000 0.00000 0.37500 0.12500 0.37500 0.25000 0.25000 0.37500 0.31250 0.31250 0.31250 0.62500 0.31250 0.31250 0.50000 0.15625 0.31250 0.31250 0.23438 0.46875
 0.00000 0.00000 0.25000 0.25000 0.37500 0.37500 0.25000 0.31250 0.37500 0.50000 0.50000 0.31250 0.68750 0.50000 0.34375 0.25000 0.59375 0.59375 0.42188 0.45312
 0.00000 0.00000 0.25000 0.25000 0.37500 0.37500 0.25000 0.31250 0.37500 0.50000 0.50000 0.31250 0.50000 0.68750 0.34375 0.34375 0.59375 0.59375 0.46875 0.45312
 0.00000 0.00000 0.31250 0.18750 0.43750 0.25000 0.25000 0.37500 0.34375 0.34375 0.34375 0.50000 0.34375 0.34375 0.68750 0.17188 0.34375 0.34375 0.25781 0.42188
 0.00000 0.00000 0.12500 0.12500 0.18750 0.18750 0.12500 0.15625 0.18750 0.25000 0.25000 0.15625 0.25000 0.34375 0.17188 0.50000 0.29688 0.29688 0.39844 0.22656
 0.00000 0.00000 0.25000 0.25000 0.37500 0.37500 0.25000 0.31250 0.37500 0.50000 0.50000 0.31250 0.59375 0.59375 0.34375 0.29688 0.75000 0.59375 0.52344 0.45312
 0.00000 0.00000 0.25000 0.25000 0.37500 0.37500 0.25000 0.31250 0.37500 0.50000 0.50000 0.31250 0.59375 0.59375 0.34375 0.29688 0.59375 0.75000 0.44531 0.53125
 0.00000 0.00000 0.18750 0.18750 0.28125 0.28125 0.18750 0.23438 0.28125 0.37500 0.37500 0.23438 0.42188 0.46875 0.25781 0.39844 0.52344 0.44531 0.64844 0.33984
 0.00000 0.00000 0.31250 0.18750 0.37500 0.31250 0.25000 0.34375 0.34375 0.40625 0.40625 0.46875 0.45312 0.45312 0.42188 0.22656 0.45312 0.53125 0.33984 0.65625
