           1           0           0
           2           0           0
           3           0           0
           4           0           0
           7           3           4
           5           3           4
           8           3           5
           6           3           4
          11           6           5
          10           6           5
           9           6           5
          12           3           5
          15          12           5
          13          10          11
          14          10          11
          18          13          14
          17          13          14
          16           0          14
          19          17          16
          20          12          18
